1 1 1
5 1 1
6 1 1
7 1 1
11 1 1
19 1 1
25 1 1
30 1 1
2 2 1
4 2 1
6 2 1
8 2 1
10 2 1
20 2 1
24 2 1
26 2 1
3 3 1
4 3 1
5 3 1
9 3 1
21 3 1
23 3 1
27 3 1
28 3 1
2 4 1
3 4 1
4 4 1
8 4 1
10 4 1
22 4 1
27 4 1
28 4 1
1 5 1
3 5 1
5 5 1
7 5 1
11 5 1
21 5 1
23 5 1
29 5 1
1 6 1
2 6 1
6 6 1
12 6 1
20 6 1
24 6 1
25 6 1
30 6 1
1 7 1
5 7 1
7 7 1
11 7 1
12 7 1
13 7 1
31 7 1
36 7 1
2 8 1
4 8 1
8 8 1
10 8 1
12 8 1
14 8 1
18 8 1
32 8 1
3 9 1
9 9 1
10 9 1
11 9 1
15 9 1
17 9 1
33 9 1
34 9 1
2 10 1
4 10 1
8 10 1
9 10 1
10 10 1
16 10 1
33 10 1
34 10 1
1 11 1
5 11 1
7 11 1
9 11 1
11 11 1
15 11 1
17 11 1
35 11 1
6 12 1
7 12 1
8 12 1
12 12 1
14 12 1
18 12 1
31 12 1
36 12 1
7 13 1
13 13 1
17 13 1
18 13 1
19 13 1
23 13 1
37 13 1
42 13 1
43 13 1
47 13 1
48 13 1
8 14 1
12 14 1
14 14 1
15 14 1
16 14 1
18 14 1
20 14 1
22 14 1
38 14 1
44 14 1
45 14 1
46 14 1
9 15 1
11 15 1
14 15 1
15 15 1
16 15 1
17 15 1
21 15 1
39 15 1
40 15 1
44 15 1
45 15 1
46 15 1
10 16 1
14 16 1
15 16 1
16 16 1
20 16 1
22 16 1
39 16 1
40 16 1
44 16 1
45 16 1
46 16 1
9 17 1
11 17 1
13 17 1
15 17 1
17 17 1
18 17 1
19 17 1
23 17 1
41 17 1
43 17 1
47 17 1
48 17 1
8 18 1
12 18 1
13 18 1
14 18 1
17 18 1
18 18 1
24 18 1
37 18 1
42 18 1
43 18 1
47 18 1
48 18 1
1 19 1
13 19 1
17 19 1
19 19 1
23 19 1
24 19 1
43 19 1
48 19 1
2 20 1
6 20 1
14 20 1
16 20 1
20 20 1
22 20 1
24 20 1
44 20 1
3 21 1
5 21 1
15 21 1
21 21 1
22 21 1
23 21 1
45 21 1
46 21 1
4 22 1
14 22 1
16 22 1
20 22 1
21 22 1
22 22 1
45 22 1
46 22 1
3 23 1
5 23 1
13 23 1
17 23 1
19 23 1
21 23 1
23 23 1
47 23 1
2 24 1
6 24 1
18 24 1
19 24 1
20 24 1
24 24 1
43 24 1
48 24 1
1 25 1
6 25 1
25 25 1
29 25 1
30 25 1
31 25 1
35 25 1
2 26 1
26 26 1
28 26 1
32 26 1
34 26 1
3 27 1
4 27 1
27 27 1
28 27 1
33 27 1
3 28 1
4 28 1
26 28 1
27 28 1
28 28 1
32 28 1
34 28 1
5 29 1
25 29 1
29 29 1
31 29 1
35 29 1
1 30 1
6 30 1
25 30 1
30 30 1
36 30 1
7 31 1
12 31 1
25 31 1
29 31 1
31 31 1
35 31 1
36 31 1
37 31 1
8 32 1
26 32 1
28 32 1
32 32 1
34 32 1
36 32 1
38 32 1
42 32 1
9 33 1
10 33 1
27 33 1
33 33 1
34 33 1
35 33 1
39 33 1
41 33 1
9 34 1
10 34 1
26 34 1
28 34 1
32 34 1
33 34 1
34 34 1
40 34 1
11 35 1
25 35 1
29 35 1
31 35 1
33 35 1
35 35 1
39 35 1
41 35 1
7 36 1
12 36 1
30 36 1
31 36 1
32 36 1
36 36 1
38 36 1
42 36 1
13 37 1
18 37 1
31 37 1
37 37 1
41 37 1
42 37 1
43 37 1
47 37 1
14 38 1
32 38 1
36 38 1
38 38 1
40 38 1
42 38 1
44 38 1
46 38 1
15 39 1
16 39 1
33 39 1
35 39 1
39 39 1
40 39 1
41 39 1
45 39 1
15 40 1
16 40 1
34 40 1
38 40 1
39 40 1
40 40 1
44 40 1
46 40 1
17 41 1
33 41 1
35 41 1
37 41 1
39 41 1
41 41 1
43 41 1
47 41 1
13 42 1
18 42 1
32 42 1
36 42 1
37 42 1
38 42 1
42 42 1
48 42 1
13 43 1
17 43 1
18 43 1
19 43 1
24 43 1
37 43 1
41 43 1
43 43 1
47 43 1
48 43 1
14 44 1
15 44 1
16 44 1
20 44 1
38 44 1
40 44 1
44 44 1
45 44 1
46 44 1
14 45 1
15 45 1
16 45 1
21 45 1
22 45 1
39 45 1
44 45 1
45 45 1
46 45 1
14 46 1
15 46 1
16 46 1
21 46 1
22 46 1
38 46 1
40 46 1
44 46 1
45 46 1
46 46 1
13 47 1
17 47 1
18 47 1
23 47 1
37 47 1
41 47 1
43 47 1
47 47 1
48 47 1
13 48 1
17 48 1
18 48 1
19 48 1
24 48 1
42 48 1
43 48 1
47 48 1
48 48 1
