src, dest
3235527, 527594
3144469, 5282
2303395, 1298177
1411384, 1813314
3941852, 968107
2040944, 973261
691137, 2903882
2925502, 65614
622061, 584889
883893, 510055
3679365, 2381923
3583116, 303564
3332655, 1223642
286743, 1528605
3661336, 1294823
621157, 4094130
2294680, 1669626
741367, 3197430
3586960, 932451
665657, 672961
1196536, 3584975
4119175, 4010250
367240, 2668117
4073625, 3508575
2072697, 2378044
4057543, 1804370
2434239, 2548240
1839906, 317880
1589991, 2003308
1471750, 31930
1474886, 1789894
1697214, 1227
2303395, 1839906
2303395, 1294823
4073625, 2378044
2925502, 3941852
3508575, 1839906
2303395, 3941852
303564, 1294823
1697214, 2378044
1294823, 2378044
303564, 2548240
3508575, 1697214
2434239, 3332655
621157, 1294823
1471750, 2378044
4073625, 3941852
665657, 2548240
2040944, 2548240
2925502, 883893
3144469, 2548240
665657, 665657
1471750, 3235527
1471750, 2303395
665657, 2303395
3941852, 3941852
2040944, 2378044
303564, 1294823
2925502, 1294823
1471750, 2040944
3508575, 3583116
2303395, 2548240
4119175, 3679365
2548240, 4010250
665657, 1294823
2040944, 317880
1697214, 1471750
1294823, 2548240
1697214, 4010250
1294823, 2381923
665657, 2303395
973261, 2548240
2303395, 1839906
303564, 2548240
2040944, 1294823
665657, 3235527
2040944, 3941852
665657, 1839906
1839906, 2548240
4119175, 1294823
2303395, 2040944
665657, 2548240
303564, 2378044
4119175, 3332655
665657, 2040944
1697214, 303564
1839906, 2378044
1839906, 968107
3508575, 1471750
1471750, 2378044
1697214, 2548240
622061, 2548240
622061, 2378044
1839906, 2548240
2303395, 2378044
303564, 4094130
883893, 3941852
1294823, 2378044
303564, 2548240
4073625, 1294823
665657, 968107
665657, 1839906
665657, 665657
2303395, 2303395
1294823, 3235527
303564, 303564
3941852, 2378044
1697214, 1294823
665657, 1697214
2040944, 303564
665657, 665657
3586960, 2548240
303564, 4094130
1697214, 2303395
1697214, 2378044
665657, 3332655
2303395, 317880
1294823, 2378044
665657, 1294823
665657, 3332655
1471750, 303564
1697214, 3235527
3235527, 2548240
665657, 2378044
4119175, 2303395
665657, 1294823
665657, 2378044
303564, 2381923
1471750, 2040944
2303395, 2925502
4073625, 1697214
3941852, 3941852
2378044, 31930
665657, 1294823
303564, 2548240
1697214, 3941852
1471750, 3679365
3508575, 2548240
2040944, 3679365
2303395, 3941852
2040944, 1294823
2378044, 2381923
2303395, 2548240
2303395, 303564
2378044, 317880
2548240, 968107
4119175, 2378044
622061, 1294823
665657, 1471750
4073625, 2303395
4073625, 2548240
665657, 622061
303564, 2378044
2303395, 2303395
2548240, 968107
3584975, 2548240
883893, 2378044
2303395, 2040944
2378044, 367240
973261, 4010250
1471750, 1294823
3508575, 303564
622061, 2378044
3661336, 1294823
1471750, 2548240
3508575, 2548240
665657, 622061
2303395, 317880
2303395, 1294823
3941852, 3235527
2303395, 2548240
665657, 3941852
2303395, 303564
665657, 2548240
4073625, 2434239
4073625, 2303395
2303395, 2548240
2925502, 1294823
2303395, 2303395
2378044, 2548240
665657, 3661336
1471750, 3332655
1839906, 2378044
665657, 303564
2303395, 303564
1697214, 3332655
665657, 2303395
3508575, 1294823
3508575, 3941852
303564, 3679365
1294823, 2378044
2548240, 2548240
2378044, 4094130
1294823, 2548240
665657, 2303395
2378044, 2548240
1294823, 31930
2303395, 2548240
2378044, 510055
2040944, 1294823
3941852, 4010250
4119175, 2303395
1294823, 2378044
4073625, 968107
622061, 303564
1471750, 1294823
665657, 2548240
665657, 2303395
303564, 2378044
665657, 2040944
2303395, 2040944
1697214, 1294823
3508575, 1294823
1697214, 1589991
2548240, 2903882
3586960, 1839906
3586960, 2303395
2040944, 317880
2925502, 1839906
3941852, 1294823
303564, 1294823
2303395, 2548240
665657, 3332655
3235527, 317880
1839906, 2548240
2303395, 2548240
2303395, 2040944
2303395, 2925502
1294823, 2548240
2303395, 1294823
2040944, 3941852
665657, 2303395
665657, 1294823
2303395, 1294823
4073625, 2303395
2040944, 1294823
3235527, 968107
303564, 3235527
2303395, 3941852
2925502, 3941852
1697214, 3941852
973261, 4094130
3583116, 2378044
665657, 2303395
2040944, 3941852
2303395, 2378044
4119175, 2303395
1471750, 2303395
2040944, 1839906
2378044, 968107
2303395, 1294823
303564, 973261
1839906, 303564
665657, 2548240
1697214, 3941852
1294823, 2548240
665657, 3679365
622061, 2378044
4073625, 303564
1697214, 2548240
1839906, 2378044
665657, 2378044
2040944, 3332655
665657, 2303395
1471750, 3941852
665657, 303564
665657, 2378044
665657, 1294823
2303395, 2925502
665657, 3332655
665657, 1294823
1471750, 1298177
2040944, 2548240
2303395, 303564
2303395, 1294823
1294823, 2378044
665657, 1294823
665657, 1294823
2303395, 1589991
665657, 4119175
1697214, 973261
665657, 2548240
2925502, 1839906
1294823, 2378044
4119175, 3941852
883893, 3332655
303564, 2548240
303564, 1294823
3661336, 1294823
2040944, 2548240
2303395, 973261
2925502, 2548240
2303395, 883893
665657, 1839906
3586960, 2040944
303564, 2378044
1471750, 2548240
665657, 883893
665657, 3941852
622061, 3941852
665657, 2303395
1294823, 2378044
1471750, 2378044
2303395, 622061
3584975, 2381923
665657, 2303395
1697214, 622061
3508575, 303564
665657, 2548240
4073625, 303564
303564, 2378044
2040944, 2548240
665657, 2925502
303564, 3941852
2303395, 2378044
2925502, 1294823
3583116, 1589991
2040944, 65614
1471750, 2303395
1294823, 968107
303564, 2548240
2303395, 2303395
4073625, 1294823
2303395, 303564
2378044, 4094130
303564, 3941852
665657, 4010250
1697214, 2378044
1471750, 2303395
1839906, 2381923
2548240, 3332655
2925502, 2378044
3508575, 1839906
973261, 2378044
665657, 2378044
3508575, 1294823
2378044, 2548240
665657, 303564
1294823, 2548240
2040944, 1813314
622061, 1294823
665657, 1839906
2303395, 2378044
665657, 3941852
303564, 2378044
2378044, 2548240
2925502, 2548240
2378044, 2548240
883893, 1294823
622061, 1294823
665657, 4119175
1697214, 973261
1294823, 2378044
2378044, 317880
3586960, 1294823
4094130, 317880
665657, 2548240
3586960, 1294823
665657, 2303395
303564, 4094130
1294823, 2378044
2303395, 1294823
303564, 2378044
2303395, 2303395
2040944, 2378044
3508575, 2548240
303564, 3941852
2548240, 3332655
2303395, 303564
2925502, 2378044
1697214, 2548240
665657, 4010250
665657, 1294823
1294823, 3235527
1471750, 2303395
2303395, 303564
2303395, 2925502
3586960, 2548240
1294823, 2378044
3508575, 317880
3679365, 2548240
1294823, 2378044
3508575, 2303395
665657, 303564
2303395, 303564
665657, 2303395
3508575, 4119175
303564, 2381923
2303395, 4094130
3508575, 2040944
665657, 1839906
3508575, 2040944
1471750, 2378044
1839906, 2378044
973261, 2381923
1294823, 2003308
2378044, 2548240
665657, 2548240
621157, 3332655
2378044, 4010250
